1
U
5, 8, 12, 23, 35, A, B
8, 9, 12, 15, 20, B, C
I
23, 35, 7, 12, 8, D
15, 20, 8, 23, 35, A
D
1, 2, 3, 4, 5, 6, 7, E
5, 7, 8, 9, 10, F
C
A, B, C, D
1, 2, 3, 4
U
3, 5, 9, 11, 15, G, H
1, 5, 7, 11, 13, I
D
14, 15, 16, 17, 18
15, 18, 20, 21
I
4, 8, 12, 16, 20, M
8, 12, 16, 20, N
U
11, 13, 17, 19, O
15, 17, 19, 21, 23
C
C, D, E
A, B, C, D
D
21, 22, 23, 24, 25
24, 25, 26, 27, 28
I
1, 3, 5, 7, 9
3, 5, 7
U
2, 4, 6, 8, 10, P
1, 3, 5, 7, 9, Q
C
M, N, O
1, 2, 3, 4, 5
D
5, 6, 7, 8, 9
8, 9, 10, 11, 12
I
10, 20, 30, 40, 50
20, 30, 40
U
7, 14, 21, 28, 35
5, 10, 15, 20, 25, 30
C
H, I, J
3, 4, 5, 6
D
5, 7, 9, 11, 13, R
11, 13, 17, 19, 21, S
I
2, 4, 6, 8
6, 8, 10
U
4, 8, 12, 16, 20, T
1, 3, 5, 7, 9, 12
C
A, B, C, D, E
2, 4, 6, 8, 10
D
8, 10, 12, 14
10, 12, 14, 16
