1
D
12, 14, 16, 18, 20, 22, 24, 26, 28, 30
26, 28, 30, 32, 34, 36, 38, 40, 42, 44
C
F, H, J, K, L, M, N, O, P, Q, R, S
1, 2, 3, 4, 5, 6, 7, 8, 9, 10, 11, 12
U
9, 15, 22, 29, 36, 43, 50, 57, 64, 71
5, 12, 19, 26, 33, 40, 47, 54, 61, 68
D
2, 4, 6, 8, 10, 12, 14, 16, 18, 20
18, 20, 22, 24, 26, 28, 30, 32, 34, 36
I
6, 12, 18, 24, 30, 36, 42, 48, 54, 60
12, 18, 24, 30, 36, 42, 48, 54, 60, 66
C
A, B, C, D, E, F, G, H, I, J
1, 2, 3, 4, 5, 6, 7, 8, 9, 10
U
3, 7, 11, 15, 19, 23, 27, 31, 35, 39
5, 9, 13, 17, 21, 25, 29, 33, 37, 41
D
7, 8, 9, 10, 11, 12, 13, 14, 15, 16
10, 11, 12, 13, 14, 15, 16, 17, 18, 19
I
8, 16, 24, 32, 40, 48, 56, 64, 72, 80
16, 24, 32, 40, 48, 56, 64, 72, 80, 88
C
M, N, O, P, Q, R, S, T, U, V
1, 2, 3, 4, 5, 6, 7, 8, 9, 10
U
14, 28, 42, 56, 70, 84, 98, 112, 126, 140
6, 12, 18, 24, 30, 36, 42, 48, 54, 60
D
10, 12, 14, 16, 18, 20, 22, 24, 26, 28
24, 26, 28, 30, 32, 34, 36, 38, 40, 42
C
E, F, G, H, I, J, K, L, M, N
3, 4, 5, 6, 7, 8, 9, 10, 11, 12
U
7, 14, 21, 28, 35, 42, 49, 56, 63, 70
1, 8, 15, 22, 29, 36, 43, 50, 57, 64
D
3, 4, 5, 6, 7, 8, 9, 10, 11, 12
9, 10, 11, 12, 13, 14, 15, 16, 17, 18
I
10, 20, 30, 40, 50, 60, 70, 80, 90, 100
20, 30, 40, 50, 60, 70, 80, 90, 100, 110
C
H, I, J, K, L, M, N, O, P, Q
1, 2, 3, 4, 5, 6, 7, 8, 9, 10
U
8, 16, 24, 32, 40, 48, 56, 64, 72, 80
3, 6, 9, 12, 15, 18, 21, 24, 27, 30
D
4, 8, 12, 16, 20, 24, 28, 32, 36, 40
8, 12, 16, 20, 24, 28, 32, 36, 40, 44
I
7, 14, 21, 28, 35, 42, 49, 56, 63, 70
14, 21, 28, 35, 42, 49, 56, 63, 70, 77
C
K, L, M, N, O, P, Q, R, S, T
5, 6, 7, 8, 9, 10, 11, 12, 13, 14
U
2, 4, 6, 8, 10, 12, 14, 16, 18, 20
15, 30, 45, 60, 75, 90, 105, 120, 135, 150
D
6, 7, 8, 9, 10, 11, 12, 13, 14, 15
10, 11, 12, 13, 14, 15, 16, 17, 18, 19
C
A, B, C, D, E, F, G, H, I, J
1, 2, 3, 4, 5, 6, 7, 8, 9, 10
U
7, 14, 21, 28, 35, 42, 49, 56, 63, 70
1, 8, 15, 22, 29, 36, 43, 50, 57, 64
D
3, 4, 5, 6, 7, 8, 9, 10, 11, 12
9, 10, 11, 12, 13, 14, 15, 16, 17, 18
I
10, 20, 30, 40, 50, 60, 70, 80, 90, 100
20, 30, 40, 50, 60, 70, 80, 90, 100, 110
C
H, I, J, K, L, M, N, O, P, Q
1, 2, 3, 4, 5, 6, 7, 8, 9, 10
U
8, 16, 24, 32, 40, 48, 56, 64, 72, 80
3, 6, 9, 12, 15, 18, 21, 24, 27, 30
D
4, 8, 12, 16, 20, 24, 28, 32, 36, 40
8, 12, 16, 20, 24, 28, 32, 36, 40, 44
I
7, 14, 21, 28, 35, 42, 49, 56, 63, 70
14, 21, 28, 35, 42, 49, 56, 63, 70, 77
C
K, L, M, N, O, P, Q, R, S, T
5, 6, 7, 8, 9, 10, 11, 12, 13, 14
U
2, 4, 6, 8, 10, 12, 14, 16, 18, 20
15, 30, 45, 60, 75, 90, 105, 120, 135, 150
D
6, 7, 8, 9, 10, 11, 12, 13, 14, 15
10, 11, 12, 13, 14, 15, 16, 17, 18, 19
C
A, B, C, D, E, F, G, H, I, J
1, 2, 3, 4, 5, 6, 7, 8, 9, 10
U
7, 14, 21, 28, 35, 42, 49, 56, 63, 70
1, 8, 15, 22, 29, 36, 43, 50, 57, 64
D
3, 4, 5, 6, 7, 8, 9, 10, 11, 12
9, 10, 11, 12, 13, 14, 15, 16, 17, 18
I
10, 20, 30, 40, 50, 60, 70, 80, 90, 100
20, 30, 40, 50, 60, 70, 80, 90, 100, 110
C
H, I, J, K, L, M, N, O, P, Q
1, 2, 3, 4, 5, 6, 7, 8, 9, 10
U
8, 16, 24, 32, 40, 48, 56, 64, 72, 80
3, 6, 9, 12, 15, 18, 21, 24, 27, 30
D
4, 8, 12, 16, 20, 24, 28, 32, 36, 40
8, 12, 16, 20, 24, 28, 32, 36, 40, 44
I
7, 14, 21, 28, 35, 42, 49, 56, 63, 70
14, 21, 28, 35, 42, 49, 56, 63, 70, 77
C
K, L, M, N, O, P, Q, R, S, T
5, 6, 7, 8, 9, 10, 11, 12, 13, 14
